%
% Data file: dataNewYorkBlackout.m
%
% The file contains a time series consisting of 313 weekly births in the
% city of New York durin 1961-66.
%
% This data was analyzed in 
%
%  Izenman and Zabell, "Babies and the Blackout: The Genesis of a Misconception", 
%  Social Science Research, Vol 10, pp. 282-299, 1981,
%

% Reference: 
%   "An Introduction to Time Series Modeling", 4th ed, by Andreas Jakobsson
%   Studentlitteratur, 2021
%
data = [3039
        3107
        3144
        3088
        3098
        3283
        3195
        3309
        3304
        3374
        3173
        3214
        3222
        3137
        3135
        3179
        3227
        3134
        3197
        3259
        3258
        3260
        3302
        3239
        3243
        3264
        3347
        3357
        3374
        3437
        3188
        3443
        3288
        3251
        3466
        3268
        3353
        3395
        3454
        3280
        3253
        3191
        3139
        3180
        3186
        3125
        3059
        3045
        3056
        3100
        3106
        3174
        2926
        3066
        2988
        3029
        3050
        3122
        3171
        3221
        3137
        3198
        3220
        3255
        3113
        3066
        3123
        3087
        3081
        2911
        2926
        3006
        3021
        2921
        2999
        2956
        3137
        2910
        3067
        3219
        3158
        3304
        3410
        3400
        3439
        3216
        3404
        3193
        3518
        3440
        3382
        3457
        3387
        3166
        3319
        3145
        3155
        3234
        3074
        3156
        3204
        3315
        3151
        3121
        3075
        3131
        3139
        3141
        3139
        3258
        3208
        3179
        3183
        3225
        3171
        3141
        3209
        3291
        3237
        3199
        3027
        3199
        3190
        3190
        3147
        3205
        3328
        3260
        3213
        3550
        3289
        3331
        3409
        3256
        3426
        3323
        3211
        3279
        3291
        3107
        3382
        3437
        3487
        3213
        3293
        3181
        3197
        3103
        3129
        3124
        3074
        3013
        3101
        2913
        3268
        3124
        2990
        2961
        3098
        3132
        3060
        3148
        3206
        3146
        3261
        3161
        3158
        3111
        3079
        3104
        3151
        3081
        3013
        3026
        3055
        3189
        3110
        3269
        3316
        3282
        3389
        3339
        3440
        3300
        3312
        3423
        3261
        3186
        3117
        3218
        3257
        3199
        3203
        3230
        3418
        3369
        3182
        3132
        3061
        3122
        3133
        3108
        3050
        3021
        3073
        3058
        3111
        2922
        3003
        2908
        3006
        2905
        2858
        2891
        3004
        2911
        3081
        3073
        3062
        3049
        3030
        3000
        3021
        2904
        2935
        2979
        2979
        3009
        3085
        3357
        2973
        3133
        2998
        3237
        3206
        3169
        3276
        3211
        3251
        3094
        3181
        3269
        3153
        3075
        3199
        3156
        3176
        3089
        3157
        2987
        2948
        2879
        2987
        3055
        3033
        2843
        2927
        2965
        2983
        2795
        2865
        2751
        2846
        2747
        2835
        2930
        2974
        2918
        2953
        3022
        2945
        2956
        2969
        2955
        2965
        2848
        2986
        2833
        2901
        2825
        2867
        2960
        2814
        3109
        2844
        3017
        3048
        3077
        3096
        2908
        3083
        3001
        3029
        3091
        3049
        3036
        2929
        2861
        3157
        3093
        3052
        3055
        2915
        2959
        2978
        2886
        2956
        2849
        2706
        2923
        2824
        2735
        2853];
