%
% Data file: dataMortality.m
%
% The file contains a time series consisting of weekly mortality data from
% the United Kingdom, starting from August 1st, 2010. 
%

% Reference: 
%   "An Introduction to Time Series Modeling", 4th ed, by Andreas Jakobsson
%   Studentlitteratur, 2021
%
deaths = [ ...    
       12968       12541       11762       11056       10524       10117 ...
       10102       10295        9981        9792        9729        9631 ...
        8004        9756        9892        9449        9503        8343 ...
        9483        9190        9452        8178        9259        8513 ...
        8461        8973        8627        8541        8261        8257 ...
        8467        8318        8584        8635        7708        8961 ...
        8727        8943        8759        9195        9218        9286 ...
        9275        9668        9406        9437        9473        9220 ...
       11193       10880       11484        9689       12644       13133 ...
       11438       10555       10235       10019        9757        9433 ...
        9453        9648        9842        9707        9312        9557 ...
        9327        8335        8064        9853       10140        8949 ...
        9163        7913        9254        8961        8715        8710 ...
        8705        8461        8500        8456        8787        8573 ...
        8426        8466        7717        8769        8612        8527 ...
        8919        8719        8705        8638        9139        9640 ...
        9042        9305        9166        9203        9828       10348 ...
       11151        8472       10514       11343       10393       10320 ...
       10117       10287       10532       11086       10945       10507 ...
       10041        9864        9634        8520        9992       10816 ...
       10238        9957        8868        9913        9602        9602 ...
        6781       10170        9054        8856        8909        8754 ...
        8684        8877        8942        8810        8776        8977 ...
        7617        8848        8641        8839        8865        9070 ...
        9441        9284        9550        9335        9683        9900 ...
        9679        9394        9844       10388       11461        8096 ...
       11620       12541       11075       11262       11314       11044 ...
       11030       10850       10783       11245       11180       11075 ...
        9280       10890       12147       11752       10625       10169 ...
        8814        9847        9530        8333        9482        8869 ...
        8904        8589        8790        8533        8790        8476 ...
        8159        8280        8231        8579        7688        8905 ...
        8347        8635        9155        9191        8939        9237 ...
        9236        9107        9449        9583        9587        9636 ...
        9908       10033       10335        6606       11448       11847 ...
       11061       10374       10258       10147       10198       10427 ...
       10377        9828       10005        9832        9622        9944 ...
        9504        8000        9359       10527        8613        9513 ...
        9313        8034        9557        9414        8946        8931 ...
        8763        8784        9119        8965        8916        8755 ...
        8792        8769        8027        9671        9284        9107 ...
        9048        9271        9173        9464        9603        9586 ...
        9753       10036        9472        9928       10267       10550 ...
       11681        7837       12286       16237       14866       13934 ...
       12900       12039       11822       11434       11472       11469 ...
       10951       10568       10493        9062       10089       11639 ...
       10599       10134        8862       10290       10005        8213 ...
       10157        9548        9312        9190        9205        9015 ...
        8802        8791        8617        8862        9148        9121 ...
        9026        7878        9258        9097        9529        9410 ...
        9776        9511        9711        9618        9994        9938 ... 
        9830        9822       10365       10269       10689        8630 ...
        7524       13045       11501       11473       11317       11052 ...
       11170       10590       11056       11285       11010       11022 ...
        9635       10286       11599       11417       10925       10413 ...
        9137       10637        9953        9739        7909        9873 ...
        9386        9365        9228        9138        9388        9350 ...
        9335        9182        9172        9070        9319        7923 ...
        9399        9124        8945        8994        9291        9719 ...
        9768        9724       10152       10470       10694       10603 ...
       10439       11223       10533       11493        8003       11991 ...
       13715       13610       12877       12485       12269       11644 ...
       11794       11248       11077       10697       10325       10027 ...
        9939        8493        9644       10908        9064       10693 ...
       10288       10040        8332        9766        9367        9627 ...
        9334        9263        9376        9113        8882        8941 ...
        9038        9299        9382        8149        9497        9454 ...
        9534        9689        9778        9940       10031        9739 ...
        9984       10346       10275       10621       10538       10781 ...
       11217       12517        8487       12723       15050       14256 ...
       13935       13285       12495       12246       12142       10854 ...
       12997       12788       11913        9941       10794       12301 ...
       11223       10306       10153        8624       10141        9636 ...
        8147        9950        9343        9256        9212        9258 ...
        9293        9127        9141        9161        9319        8830 ...
        8978        7865        9445        9191        9305        9150 ...
        9503        9649        9864        9603        9529       10151 ...
       10193        9957       10033       10287       10550       11116 ...
        7131       10955       12609       11860       11740       11297 ...
       11660       11824       11295       11044       10898       10567 ...
       10402        9867       10126       10291        9025       10059 ...
       11207        9055       10272       10284        8260       10140 ...
        9445        9458        9511        9062        9179        9080 ...
        9112        9271        9122        9093        8994        8242 ...
        9695        9513        9440        9517        9799        9973 ...
       10156       10021       10164       10697       10650       10882 ...
       10958       10816       11188       11926        7533       12254 ...
       14058       12990       11856       11612       10986       10944 ...
       10841       10816       10895       11019       10645       11141 ...
       16387       18516 ];
   