%
% Data file: dataOzone.m
%
% The file contains monthly average of hourly readings of Ozone in downtown
% Los Angeles during 1955-1972. The data set was used by Box & Tiao in the
% paper: 
%
% "Intervention Analysis with Applications to Economic and Environmental 
% Problems", JASA 70: 70-79, 1975.
%
% The last three variables are intervention indicator variables. The
% variables are: time, ozone, intv1, intv2, intv3.
%

% Reference: 
%   "An Introduction to Time Series Modeling", 4th ed, by Andreas Jakobsson
%   Studentlitteratur, 2021
%
data0 = [ 1  2.7   0.0   0.0   0.0
   2  2.0   0.0   0.0   0.0
   3  3.6   0.0   0.0   0.0
   4  5.0   0.0   0.0   0.0
   5  6.5   0.0   0.0   0.0
   6  6.1   0.0   0.0   0.0
   7  5.9   0.0   0.0   0.0
   8  5.0   0.0   0.0   0.0
   9  6.4   0.0   0.0   0.0
  10  7.4   0.0   0.0   0.0
  11  8.2   0.0   0.0   0.0
  12  3.9   0.0   0.0   0.0
  13  4.1   0.0   0.0   0.0
  14  4.5   0.0   0.0   0.0
  15  5.5   0.0   0.0   0.0
  16  3.8   0.0   0.0   0.0
  17  4.8   0.0   0.0   0.0
  18  5.6   0.0   0.0   0.0
  19  6.3   0.0   0.0   0.0
  20  5.9   0.0   0.0   0.0
  21  8.7   0.0   0.0   0.0
  22  5.3   0.0   0.0   0.0
  23  5.7   0.0   0.0   0.0
  24  5.7   0.0   0.0   0.0
  25  3.0   0.0   0.0   0.0
  26  3.4   0.0   0.0   0.0
  27  4.9   0.0   0.0   0.0
  28  4.5   0.0   0.0   0.0
  29  4.0   0.0   0.0   0.0
  30  5.7   0.0   0.0   0.0
  31  6.3   0.0   0.0   0.0
  32  7.1   0.0   0.0   0.0
  33  8.0   0.0   0.0   0.0
  34  5.2   0.0   0.0   0.0
  35  5.0   0.0   0.0   0.0
  36  4.7   0.0   0.0   0.0
  37  3.7   0.0   0.0   0.0
  38  3.1   0.0   0.0   0.0
  39  2.5   0.0   0.0   0.0
  40  4.0   0.0   0.0   0.0
  41  4.1   0.0   0.0   0.0
  42  4.6   0.0   0.0   0.0
  43  4.4   0.0   0.0   0.0
  44  4.2   0.0   0.0   0.0
  45  5.1   0.0   0.0   0.0
  46  4.6   0.0   0.0   0.0
  47  4.4   0.0   0.0   0.0
  48  4.0   0.0   0.0   0.0
  49  2.9   0.0   0.0   0.0
  50  2.4   0.0   0.0   0.0
  51  4.7   0.0   0.0   0.0
  52  5.1   0.0   0.0   0.0
  53  4.0   0.0   0.0   0.0
  54  7.5   0.0   0.0   0.0
  55  7.7   0.0   0.0   0.0
  56  6.3   0.0   0.0   0.0
  57  5.3   0.0   0.0   0.0
  58  5.7   0.0   0.0   0.0
  59  4.8   0.0   0.0   0.0
  60  2.7   0.0   0.0   0.0
  61  1.7   1.0   0.0   0.0
  62  2.0   1.0   0.0   0.0
  63  3.4   1.0   0.0   0.0
  64  4.0   1.0   0.0   0.0
  65  4.3   1.0   0.0   0.0
  66  5.0   1.0   0.0   0.0
  67  5.5   1.0   0.0   0.0
  68  5.0   1.0   0.0   0.0
  69  5.4   1.0   0.0   0.0
  70  3.8   1.0   0.0   0.0
  71  2.4   1.0   0.0   0.0
  72  2.0   1.0   0.0   0.0
  73  2.2   1.0   0.0   0.0
  74  2.5   1.0   0.0   0.0
  75  2.6   1.0   0.0   0.0
  76  3.3   1.0   0.0   0.0
  77  2.9   1.0   0.0   0.0
  78  4.3   1.0   0.0   0.0
  79  4.2   1.0   0.0   0.0
  80  4.2   1.0   0.0   0.0
  81  3.9   1.0   0.0   0.0
  82  3.9   1.0   0.0   0.0
  83  2.5   1.0   0.0   0.0
  84  2.2   1.0   0.0   0.0
  85  2.4   1.0   0.0   0.0
  86  1.9   1.0   0.0   0.0
  87  2.1   1.0   0.0   0.0
  88  4.5   1.0   0.0   0.0
  89  3.3   1.0   0.0   0.0
  90  3.4   1.0   0.0   0.0
  91  4.1   1.0   0.0   0.0
  92  5.7   1.0   0.0   0.0
  93  4.8   1.0   0.0   0.0
  94  5.0   1.0   0.0   0.0
  95  2.8   1.0   0.0   0.0
  96  2.9   1.0   0.0   0.0
  97  1.7   1.0   0.0   0.0
  98  3.2   1.0   0.0   0.0
  99  2.7   1.0   0.0   0.0
 100  3.0   1.0   0.0   0.0
 101  3.4   1.0   0.0   0.0
 102  3.8   1.0   0.0   0.0
 103  5.0   1.0   0.0   0.0
 104  4.8   1.0   0.0   0.0
 105  4.9   1.0   0.0   0.0
 106  3.5   1.0   0.0   0.0
 107  2.5   1.0   0.0   0.0
 108  2.4   1.0   0.0   0.0
 109  1.6   1.0   0.0   0.0
 110  2.3   1.0   0.0   0.0
 111  2.5   1.0   0.0   0.0
 112  3.1   1.0   0.0   0.0
 113  3.5   1.0   0.0   0.0
 114  4.5   1.0   0.0   0.0
 115  5.7   1.0   0.0   0.0
 116  5.0   1.0   0.0   0.0
 117  4.6   1.0   0.0   0.0
 118  4.8   1.0   0.0   0.0
 119  2.1   1.0   0.0   0.0
 120  1.4   1.0   0.0   0.0
 121  2.1   1.0   0.0   0.0
 122  2.9   1.0   0.0   0.0
 123  2.7   1.0   0.0   0.0
 124  4.2   1.0   0.0   0.0
 125  3.9   1.0   0.0   0.0
 126  4.1   1.0   0.0   0.0
 127  4.6   1.0   0.0   0.0
 128  5.8   1.0   0.0   0.0
 129  4.4   1.0   0.0   0.0
 130  6.1   1.0   0.0   0.0
 131  3.5   1.0   0.0   0.0
 132  1.9   1.0   0.0   0.0
 133  1.8   1.0   0.0   0.0
 134  1.9   1.0   0.0   0.0
 135  3.7   1.0   0.0   0.0
 136  4.4   1.0   0.0   0.0
 137  3.8   1.0   0.0   0.0
 138  5.6   1.0   1.0   0.0
 139  5.7   1.0   1.0   0.0
 140  5.1   1.0   1.0   0.0
 141  5.6   1.0   1.0   0.0
 142  4.8   1.0   1.0   0.0
 143  2.5   1.0   0.0   1.0
 144  1.5   1.0   0.0   1.0
 145  1.8   1.0   0.0   1.0
 146  2.5   1.0   0.0   1.0
 147  2.6   1.0   0.0   1.0
 148  1.8   1.0   0.0   1.0
 149  3.7   1.0   0.0   1.0
 150  3.7   1.0   1.0   0.0
 151  4.9   1.0   1.0   0.0
 152  5.1   1.0   1.0   0.0
 153  3.7   1.0   1.0   0.0
 154  5.4   1.0   1.0   0.0
 155  3.0   1.0   0.0   1.0
 156  1.8   1.0   0.0   1.0
 157  2.1   1.0   0.0   1.0
 158  2.6   1.0   0.0   1.0
 159  2.8   1.0   0.0   1.0
 160  3.2   1.0   0.0   1.0
 161  3.5   1.0   0.0   1.0
 162  3.5   1.0   1.0   0.0
 163  4.9   1.0   1.0   0.0
 164  4.2   1.0   1.0   0.0
 165  4.7   1.0   1.0   0.0
 166  3.7   1.0   1.0   0.0
 167  3.2   1.0   0.0   1.0
 168  1.8   1.0   0.0   1.0
 169  2.0   1.0   0.0   1.0
 170  1.7   1.0   0.0   1.0
 171  2.8   1.0   0.0   1.0
 172  3.2   1.0   0.0   1.0
 173  4.4   1.0   0.0   1.0
 174  3.4   1.0   1.0   0.0
 175  3.9   1.0   1.0   0.0
 176  5.5   1.0   1.0   0.0
 177  3.8   1.0   1.0   0.0
 178  3.2   1.0   1.0   0.0
 179  2.3   1.0   0.0   1.0
 180  2.2   1.0   0.0   1.0
 181  1.3   1.0   0.0   1.0
 182  2.3   1.0   0.0   1.0
 183  2.7   1.0   0.0   1.0
 184  3.3   1.0   0.0   1.0
 185  3.7   1.0   0.0   1.0
 186  3.0   1.0   1.0   0.0
 187  3.8   1.0   1.0   0.0
 188  4.7   1.0   1.0   0.0
 189  4.6   1.0   1.0   0.0
 190  2.9   1.0   1.0   0.0
 191  1.7   1.0   0.0   1.0
 192  1.3   1.0   0.0   1.0
 193  1.8   1.0   0.0   1.0
 194  2.0   1.0   0.0   1.0
 195  2.2   1.0   0.0   1.0
 196  3.0   1.0   0.0   1.0
 197  2.4   1.0   0.0   1.0
 198  3.5   1.0   1.0   0.0
 199  3.5   1.0   1.0   0.0
 200  3.3   1.0   1.0   0.0
 201  2.7   1.0   1.0   0.0
 202  2.5   1.0   1.0   0.0
 203  1.6   1.0   0.0   1.0
 204  1.2   1.0   0.0   1.0
 205  1.5   1.0   0.0   1.0
 206  2.0   1.0   0.0   1.0
 207  3.1   1.0   0.0   1.0
 208  3.0   1.0   0.0   1.0
 209  3.5   1.0   0.0   1.0
 210  3.4   1.0   1.0   0.0
 211  4.0   1.0   1.0   0.0
 212  3.8   1.0   1.0   0.0
 213  3.1   1.0   1.0   0.0
 214  2.1   1.0   1.0   0.0
 215  1.6   1.0   0.0   1.0
 216  1.3   1.0   0.0   1.0 ];

data = data0(1:60,2);
